image_width: 640
image_height: 480
camera_matrix:
    rows: 3
    cols: 3
    data: [618.0714111328125, 0., 305.902252197265625,
           0., 617.783447265625, 246.352935791015625,
           0., 0., 1.]
distortion_coefficients:
    rows: 1
    cols: 5
    data: [0., 0., 0., 0., 0.]
